11
>HBA1/Chimpanzee	0.00	425.00	410.00	94.00	261.00	495.00	611.00	20.00	250.00	274.00	101.00
>HBA1/Eastern_Mole	425.00	0.00	422.00	414.00	436.00	533.00	644.00	424.00	408.00	432.00	362.00
>HBA1/Atlantic_Salmon	410.00	422.00	0.00	385.00	399.00	501.00	625.00	408.00	387.00	409.00	420.00
>HBA1/Macaque	94.00	414.00	385.00	0.00	234.00	499.00	610.00	96.00	200.00	316.00	157.00
>HBA1/American_Alligator	261.00	436.00	399.00	234.00	0.00	492.00	618.00	256.00	186.00	287.00	310.00
>HBA1/Dogfish_Shark	495.00	533.00	501.00	499.00	492.00	0.00	591.00	496.00	502.00	491.00	494.00
>HBA1/Timber_Rattlesnake	611.00	644.00	625.00	610.00	618.00	591.00	0.00	609.00	620.00	618.00	610.00
>HBA1/Human	20.00	424.00	408.00	96.00	256.00	496.00	609.00	0.00	251.00	278.00	88.00
>HBA1/Chicken	250.00	408.00	387.00	200.00	186.00	502.00	620.00	251.00	0.00	302.00	302.00
>HBA1/Western_Clawed_Frog	274.00	432.00	409.00	316.00	287.00	491.00	618.00	278.00	302.00	0.00	317.00
>HBA1/Orangutan	101.00	362.00	420.00	157.00	310.00	494.00	610.00	88.00	302.00	317.00	0.00
